614 880
37 858
448 95
909 729
809 808
677 490
707 452
657 315
816 657
851 989
881 456
647 227
402 572
370 977
51 528
367 767
95 224
383 181
799 697
925 7
634 912
872 981
768 778
980 431
92 857
192 914
687 472
798 707
209 300
615 489
613 216
986 104
431 569
787 209
12 711
895 145
935 550
590 180
980 570
856 508
140 546
840 898
507 316
239 658
185 745
177 544
850 100
353 844
347 331
982 986
223 355
910 419
806 131
204 470
353 687
876 9
810 376
641 479
250 424
162 180
229 197
733 173
573 50
300 26
824 887
422 426
913 722
925 38
394 443
77 896
888 429
940 646
266 274
329 486
581 645
888 626
207 4
67 595
502 778
869 883
172 993
140 573
632 908
705 9
989 637
830 968
430 788
616 64
137 172
298 886
715 927
734 802
870 956
665 674
397 682
215 391
340 514
67 509
277 239
793 555
